2.295297134123078919e+01
2.216186301171981299e+01
1.426938436483970207e+01
1.043932590855181175e+01
7.707744387752150317e+00
4.885414654043959359e+00
3.411710494196043886e+00
2.105594359319586939e+00
1.339917972948792224e+00
8.810949500947028445e-01
5.123675410379068262e-01
2.914842112568351018e-01
1.643138651440414766e-01
8.470903680581982897e-02
4.027394205074742717e-02
1.821647887513643677e-02
7.378621077331265661e-03
2.300933857504147184e+01
1.961248243704442373e+01
1.675054388080124212e+01
9.932274464278910031e+00
7.617616650629640773e+00
3.822675015373841134e+00
1.362496057700980145e+00
6.777751177865335430e-01
5.513703927214569367e-02
-9.253295170238462486e-02
-1.252320213996634402e-01
-1.026692916404407102e-01
-9.230625462300449946e-02
-6.443884182620494838e-02
-3.898206657524355689e-02
-2.250084648188636210e-02
-1.435735987863950153e-02
9.990896171901491130e+01
8.210629509696254047e+01
7.427753600710356352e+01
4.826255399751222797e+01
4.082590024414865582e+01
3.431587491746358154e+01
2.768127369187301667e+01
2.199122097864929515e+01
1.780932447474518199e+01
1.401455408143529802e+01
1.053669729099654973e+01
8.356829360985990718e+00
5.741660380622546356e+00
4.038076854519331071e+00
2.707812227051015874e+00
1.583824247574068478e+00
7.788365137192542198e-01
