9.178090000000000000e+05
1.555555000000000000e+06
4.566022000000000000e+06
8.678208000000000000e+06
1.803192600000000000e+07
1.368647000000000000e+07
1.312893100000000000e+07
1.010856100000000000e+07
9.270311000000000000e+06
7.664622000000000000e+06
6.061112000000000000e+06
5.096767000000000000e+06
4.060170000000000000e+06
3.320339000000000000e+06
2.776859000000000000e+06
2.191367000000000000e+06
1.785220000000000000e+06
1.465130000000000000e+06
1.169529000000000000e+06
9.507770000000000000e+05
7.637860000000000000e+05
6.111670000000000000e+05
4.923930000000000000e+05
3.918930000000000000e+05
3.137250000000000000e+05
2.485820000000000000e+05
1.966420000000000000e+05
1.539350000000000000e+05
1.202290000000000000e+05
9.362400000000000000e+04
7.207700000000000000e+04
5.460600000000000000e+04
4.138300000000000000e+04
3.092200000000000000e+04
2.244700000000000000e+04
1.645100000000000000e+04
1.175000000000000000e+04
8.125000000000000000e+03
5.423000000000000000e+03
3.651000000000000000e+03
2.275000000000000000e+03
1.343000000000000000e+03
8.480000000000000000e+02
4.520000000000000000e+02
2.350000000000000000e+02
1.260000000000000000e+02
4.600000000000000000e+01
2.900000000000000000e+01
8.000000000000000000e+00
